6
32 10 26 7 19 5
8 28 24 31 23 21
34 15 35 20 12 14
25 1 17 18 6 27
30 13 11 0 9 3
29 33 16 4 2 22
21 25 26 28 33 12
11 1 5 17 20 29
31 9 14 19 35 15
27 23 7 10 8 4
3 32 18 22 24 2
16 30 0 6 13 34
6
32 19 20 6 13 29
27 16 10 14 17 7
30 21 26 3 15 28
9 24 35 4 31 0
8 2 5 25 1 11
18 23 33 34 12 22
1 17 20 29 12 11
31 0 8 35 7 10
18 5 9 25 28 27
16 6 24 13 19 4
15 30 2 23 34 32
21 3 33 22 14 26
6
30 27 7 16 20 24
2 35 13 10 19 11
6 14 9 26 29 15
23 21 0 33 18 34
25 8 28 5 1 22
17 31 3 4 12 32
11 21 4 3 30 20
29 1 26 28 35 16
31 14 2 7 19 12
34 5 10 15 17 23
9 32 13 27 33 24
8 0 22 6 25 18
6
3 29 26 6 11 14
8 10 13 4 22 34
24 33 7 23 19 16
27 1 25 20 5 28
18 30 35 9 32 21
0 12 2 17 31 15
28 12 15 10 35 9
2 3 8 5 14 25
4 0 27 23 18 22
33 21 34 11 29 17
7 24 13 31 30 26
20 16 32 1 6 19
6
3 22 5 33 32 15
14 17 27 13 18 12
6 29 19 16 31 34
9 2 21 23 20 10
11 8 25 24 30 0
1 26 28 4 7 35
8 12 23 27 4 9
35 34 22 21 6 24
20 14 13 32 17 31
19 11 16 7 1 30
3 26 18 0 28 25
5 2 15 10 33 29
6
3 20 5 4 10 22
13 31 16 27 19 6
18 29 0 7 21 2
25 8 1 23 33 14
26 34 12 17 24 11
35 32 15 28 9 30
6 23 11 14 31 17
10 7 26 16 13 29
22 30 18 5 3 24
34 20 25 8 33 15
4 2 19 27 12 1
21 28 9 35 32 0
6
16 10 7 26 34 18
32 25 33 15 12 35
24 21 28 9 27 17
8 22 13 31 3 2
4 11 20 1 6 5
29 30 14 0 19 23
2 29 6 23 25 32
20 1 4 13 27 15
5 0 35 3 24 16
33 21 17 31 10 9
22 7 14 30 19 18
28 34 26 8 12 11
6
9 12 31 29 16 22
2 14 33 7 3 20
13 28 17 11 4 26
24 0 25 27 5 8
18 21 10 23 34 35
6 1 32 19 30 15
12 24 35 9 0 21
20 31 10 7 16 26
17 33 25 13 8 15
23 6 11 32 28 1
22 18 29 34 5 19
30 4 3 2 27 14
6
13 26 21 29 1 31
10 22 2 6 8 11
33 9 3 12 16 34
5 24 19 32 25 35
27 7 28 0 23 14
30 4 15 17 18 20
16 29 8 10 27 28
15 4 5 30 35 0
25 32 6 9 19 2
26 11 21 17 13 23
18 34 22 33 3 7
24 20 12 31 14 1
6
12 34 9 14 5 2
3 26 30 33 21 28
19 1 35 10 23 4
27 13 24 18 7 11
32 20 25 22 6 17
16 15 0 8 29 31
27 13 1 17 2 29
0 12 24 33 5 23
20 28 3 34 8 7
18 35 4 25 6 30
22 31 9 19 15 32
16 11 26 21 10 14
6
8 33 11 7 26 6
30 4 14 1 2 31
0 19 15 28 21 20
23 13 12 10 35 3
9 32 24 16 34 17
27 5 29 25 18 22
8 18 11 31 30 21
17 19 14 3 26 25
9 35 32 4 6 33
34 5 28 22 24 20
1 23 15 27 2 13
16 12 29 0 10 7
6
25 5 1 15 17 21
7 9 19 22 6 35
10 18 33 0 13 29
8 2 11 14 34 16
20 23 31 27 3 12
4 32 26 28 24 30
23 10 21 32 22 15
28 5 31 26 25 1
0 13 4 18 6 12
34 3 2 24 9 35
30 17 14 19 16 20
11 27 7 33 29 8
6
2 35 21 27 20 29
16 18 9 23 22 6
12 10 15 28 19 7
4 11 13 3 30 24
0 8 34 33 17 25
31 5 1 26 32 14
12 25 6 22 35 28
16 21 11 15 0 9
4 29 31 7 13 5
32 33 8 3 20 14
18 24 30 1 2 26
17 10 34 23 27 19
6
6 11 0 4 15 19
13 10 28 1 34 22
3 9 14 7 18 25
24 27 8 33 32 30
2 29 5 20 17 16
23 21 26 31 12 35
1 11 22 35 30 18
2 13 6 33 26 32
0 8 4 20 3 5
14 27 9 16 31 21
28 10 15 17 19 29
34 24 7 12 23 25
6
9 1 34 8 20 13
4 31 7 25 16 30
19 18 14 12 22 26
27 15 17 21 3 35
6 10 11 28 24 5
23 33 2 29 0 32
10 30 18 27 13 8
25 35 19 26 17 31
16 14 7 22 21 24
15 20 4 6 28 29
3 5 12 23 2 0
1 34 32 11 9 33
6
28 1 35 34 6 13
16 4 32 25 3 29
20 24 17 12 8 7
5 31 14 2 11 10
27 18 30 23 33 15
21 0 9 22 26 19
33 22 14 0 30 12
9 21 5 17 8 18
24 25 34 2 7 4
31 28 3 19 13 16
6 35 23 1 20 27
15 26 32 11 29 10
6
0 7 13 11 28 1
35 19 21 31 34 9
16 14 24 8 3 22
12 6 15 23 26 4
20 30 17 32 33 29
5 18 25 2 10 27
3 11 34 7 25 29
1 31 19 10 6 2
4 16 15 9 8 17
33 27 18 12 26 30
14 28 23 21 32 35
13 24 0 22 20 5
6
33 20 19 10 21 1
25 14 16 35 32 15
2 5 24 3 0 29
7 9 30 6 23 26
18 31 11 12 8 13
28 17 4 22 27 34
4 1 31 28 20 29
19 9 13 8 35 6
11 26 3 12 7 16
22 18 2 33 34 32
15 0 24 5 10 14
23 30 27 17 21 25
6
17 18 27 25 20 13
14 7 5 30 16 0
34 31 1 9 19 21
8 6 4 29 2 10
3 28 35 11 26 23
12 33 32 22 15 24
18 15 4 2 22 27
20 11 3 6 28 5
17 31 1 29 30 0
32 33 13 19 10 7
24 23 9 21 16 25
26 14 34 35 12 8
6
33 18 3 14 23 8
9 32 31 35 27 2
15 4 34 12 20 6
11 16 19 22 17 10
21 26 13 7 24 25
1 5 29 30 0 28
23 5 4 9 10 1
20 13 18 27 12 2
22 35 25 33 32 11
0 24 28 16 31 14
29 8 19 3 17 34
15 21 30 7 6 26
6
12 8 16 27 35 14
21 33 4 34 10 11
13 2 19 1 6 22
23 18 17 7 3 25
30 9 31 15 24 28
26 20 32 5 29 0
8 11 10 23 30 33
18 6 12 32 22 29
21 26 20 7 15 34
27 35 2 9 13 0
14 31 5 24 3 19
16 28 4 17 1 25
6
22 12 15 11 0 1
14 30 2 18 16 28
24 20 26 21 7 17
34 3 9 5 25 23
31 32 8 35 4 33
27 19 6 13 29 10
13 18 20 14 35 17
28 26 16 25 8 4
23 12 19 34 0 22
7 24 30 21 15 33
31 29 10 1 6 27
9 5 11 32 3 2
6
11 29 26 12 23 10
22 17 18 31 0 16
33 3 4 24 30 5
28 21 8 27 35 14
1 34 19 32 20 7
9 25 13 15 6 2
0 28 31 6 14 9
22 11 18 30 10 4
27 2 15 3 35 20
32 8 7 5 26 34
24 12 25 21 1 23
17 16 19 13 33 29
6
27 10 4 16 11 9
31 5 6 30 7 26
32 15 14 28 29 0
22 21 12 20 3 18
35 23 34 33 1 17
13 2 24 19 25 8
25 28 3 2 35 11
5 23 34 27 21 19
6 32 12 7 15 0
8 31 9 29 1 14
16 20 24 33 13 30
17 26 22 4 10 18
6
19 28 35 9 25 22
29 17 5 6 14 15
4 33 0 3 8 34
16 24 27 11 23 12
31 10 7 2 13 26
18 1 30 20 21 32
24 18 7 11 21 35
2 13 31 30 12 1
16 25 5 28 29 0
14 23 10 32 34 6
15 22 27 19 3 17
4 33 26 20 9 8
6
14 34 23 30 35 15
31 19 21 1 8 26
3 13 12 10 4 28
0 27 11 6 5 24
33 20 25 2 17 22
9 29 7 16 18 32
10 0 23 5 27 6
15 29 19 14 34 11
8 24 28 22 21 33
25 30 1 13 9 7
16 31 4 12 18 32
35 3 20 26 2 17
6
21 13 4 26 14 7
17 33 8 28 18 30
1 23 10 2 6 20
16 0 27 29 24 25
19 11 5 31 15 34
22 9 32 35 12 3
29 26 10 22 23 32
12 20 3 5 9 6
14 7 24 17 15 27
30 21 28 13 33 2
8 1 19 25 18 34
16 31 0 11 4 35
6
29 9 3 8 21 0
16 35 28 33 13 6
11 30 24 7 27 23
25 34 2 5 32 12
10 22 4 15 31 20
19 26 17 18 14 1
9 32 31 21 33 12
8 26 30 29 14 20
34 18 35 7 4 6
11 19 3 10 2 27
15 25 13 16 23 0
1 28 24 22 17 5
6
0 19 3 8 20 29
26 25 1 6 5 10
11 13 31 32 34 16
22 2 18 35 15 33
14 4 24 23 30 27
21 7 12 17 9 28
2 7 1 13 0 6
14 20 5 4 12 17
35 33 19 32 30 18
22 25 3 16 28 24
8 27 29 9 34 23
26 21 31 15 11 10
6
29 13 31 26 30 4
8 5 0 20 18 17
12 21 35 33 11 14
16 9 23 22 10 3
27 15 24 34 1 6
28 32 7 2 25 19
6 25 1 2 18 33
17 4 22 23 30 28
16 9 11 13 10 21
5 26 19 0 27 12
20 7 31 3 35 29
34 8 32 15 24 14
6
18 12 20 0 31 30
26 4 11 2 22 8
28 5 17 24 6 9
21 19 7 29 15 1
13 14 3 27 34 10
25 35 32 33 16 23
3 0 13 14 30 27
4 31 17 24 28 16
25 9 26 7 18 5
11 23 15 2 35 34
20 21 1 19 6 10
12 32 8 33 22 29
6
22 29 18 26 0 10
13 8 19 16 33 23
15 14 28 4 21 17
32 2 27 30 34 25
9 31 11 1 24 7
6 35 20 5 12 3
14 3 19 16 4 29
23 24 13 31 6 25
5 9 7 12 34 8
30 2 15 20 10 35
33 0 1 26 11 18
27 22 17 21 28 32
6
14 27 18 33 6 21
15 4 25 7 35 30
26 9 23 0 20 22
29 8 24 1 16 2
12 3 19 31 28 11
10 5 32 17 34 13
17 13 26 25 29 34
9 22 6 35 3 8
16 18 5 32 20 23
14 15 4 21 28 27
19 1 12 7 31 2
33 0 10 24 30 11
6
3 28 32 2 22 4
31 1 19 27 25 6
29 11 24 9 15 16
33 10 17 13 8 21
18 30 5 14 26 34
23 7 20 12 0 35
27 9 29 35 21 2
6 18 5 22 32 25
0 11 8 20 7 4
12 17 10 19 28 31
34 33 30 24 26 14
3 1 13 15 23 16
6
22 0 3 18 7 27
26 9 17 29 24 21
34 28 30 2 10 15
14 11 33 35 6 8
20 32 31 4 12 1
13 25 16 5 23 19
33 27 21 30 22 25
31 4 3 29 15 24
0 14 35 12 2 17
16 18 20 34 28 23
6 13 5 11 19 1
32 7 8 10 26 9
6
16 19 1 33 29 9
18 23 11 10 12 8
13 3 25 22 20 35
4 24 27 26 6 32
21 34 7 2 15 14
28 5 30 0 17 31
23 1 6 28 10 3
35 9 2 31 0 32
11 19 33 29 27 22
26 4 7 16 5 25
34 17 14 13 12 20
24 18 8 21 15 30
6
28 30 6 8 4 18
35 22 24 12 27 21
1 26 29 13 17 34
23 3 31 16 0 11
32 20 33 19 9 15
5 14 7 25 2 10
17 22 6 7 5 12
20 18 11 24 26 23
4 9 16 13 35 33
8 29 0 15 34 27
3 1 32 21 25 10
14 30 19 31 2 28
6
17 23 5 24 10 35
32 26 13 12 20 0
21 16 6 33 8 27
34 4 19 18 31 15
9 29 7 11 1 28
2 22 14 3 25 30
17 18 4 26 0 35
9 6 31 10 19 29
12 28 15 25 34 16
7 13 27 23 8 22
24 32 1 21 20 33
5 2 3 14 11 30
6
12 3 31 10 8 34
29 32 6 24 22 27
1 28 35 11 15 20
17 16 0 9 2 21
13 25 19 33 23 7
14 30 4 18 26 5
15 4 21 23 31 34
12 24 32 17 0 19
30 27 5 1 20 6
22 29 8 26 18 3
35 11 7 14 33 2
13 16 25 10 28 9
6
16 27 12 7 8 6
0 21 19 31 4 17
11 32 34 1 5 10
33 18 15 14 25 35
28 2 20 26 13 24
3 9 22 23 30 29
33 1 0 3 6 19
9 15 27 24 2 22
30 29 12 16 5 17
28 18 34 26 7 14
4 32 31 13 25 10
21 35 20 23 8 11
6
29 7 25 35 19 5
3 9 33 10 4 34
13 1 14 18 23 2
0 15 17 31 21 24
22 20 30 27 32 6
26 11 28 12 16 8
1 18 33 30 24 6
35 3 34 7 2 0
11 20 10 17 27 16
28 13 23 14 32 19
25 8 4 26 21 15
9 31 12 29 5 22
6
7 5 4 13 11 22
19 10 20 25 29 12
32 31 26 28 8 23
15 34 6 0 21 16
33 35 30 18 17 1
2 3 24 9 14 27
33 29 10 4 6 1
3 31 24 23 26 19
13 0 34 11 5 28
7 9 32 16 15 22
18 35 8 12 25 17
2 27 20 21 30 14
6
11 16 6 9 12 8
27 25 18 23 13 31
7 15 34 0 3 20
32 14 21 24 10 22
26 30 28 29 4 19
33 1 35 2 17 5
32 5 14 22 34 27
17 3 12 2 35 21
19 0 8 7 16 15
23 33 10 9 25 26
29 28 30 11 31 13
20 24 18 1 6 4
6
33 8 5 35 17 18
23 20 0 14 2 6
16 32 4 12 1 19
34 10 3 31 24 15
9 11 30 21 22 28
7 27 29 26 25 13
12 30 10 3 21 14
22 28 0 29 23 20
16 11 32 6 25 5
19 13 2 8 26 7
27 31 33 34 9 15
18 1 35 4 17 24
6
14 35 34 12 13 17
20 21 25 32 19 1
18 11 5 33 15 27
8 30 0 26 16 3
24 7 10 23 4 31
2 28 29 9 6 22
3 6 30 35 20 5
10 0 33 8 25 24
2 19 31 23 11 29
1 17 12 32 14 13
9 22 26 28 7 34
15 21 27 18 16 4
6
0 20 23 11 35 32
6 7 12 2 25 9
14 33 16 34 30 24
13 17 29 31 8 1
21 4 10 5 27 22
28 26 15 3 19 18
7 22 18 11 24 35
25 14 34 29 4 3
5 12 20 17 13 10
32 26 21 0 19 8
23 2 30 28 27 31
9 15 33 6 1 16
6
16 7 17 35 24 27
1 23 12 11 30 19
5 18 32 20 28 29
8 4 6 13 33 34
15 0 3 10 21 22
9 26 25 14 2 31
31 20 8 32 34 35
15 14 6 9 33 23
29 17 21 0 5 22
7 13 28 2 3 11
18 27 25 16 4 1
26 30 24 12 10 19
6
9 6 8 0 25 24
17 31 23 32 20 26
11 30 33 5 13 3
15 2 7 28 29 10
19 21 22 35 14 12
4 34 18 1 16 27
2 14 10 6 8 18
30 28 9 29 32 25
26 17 0 33 35 21
1 34 20 23 12 16
5 4 15 11 13 19
3 31 27 7 22 24
6
23 26 34 17 2 21
8 7 14 13 33 31
16 19 3 12 30 1
29 18 15 9 27 20
22 4 5 11 35 28
10 0 24 6 25 32
24 22 0 30 13 20
27 25 34 2 28 7
29 17 8 1 16 14
3 6 21 9 10 32
15 23 19 18 31 33
12 5 26 11 4 35
6
13 35 18 0 11 1
8 16 14 34 4 24
2 10 30 7 33 26
21 27 15 28 3 32
22 9 20 31 17 6
29 5 12 23 25 19
17 0 6 27 7 15
13 10 9 23 34 14
20 8 22 12 16 31
32 19 18 35 30 28
29 24 25 1 3 33
5 11 2 26 4 21
6
22 27 12 11 21 8
15 35 5 3 14 33
7 32 23 25 2 17
1 29 4 34 10 18
9 16 30 0 31 26
19 24 6 13 20 28
11 14 23 32 30 29
7 16 12 35 13 19
21 6 34 28 31 5
20 2 1 25 8 17
10 0 27 4 3 15
26 18 33 9 24 22
6
20 22 7 26 18 10
31 32 35 14 6 30
2 25 15 17 5 11
0 4 8 21 9 27
33 3 28 19 16 29
34 23 13 24 12 1
19 20 14 27 1 29
28 9 8 35 10 33
22 13 6 31 11 17
18 4 26 23 24 7
2 25 15 12 5 21
32 34 16 30 3 0
6
3 24 32 20 16 1
27 0 29 26 4 8
30 22 34 35 19 5
33 2 23 10 21 25
14 17 7 12 15 11
13 28 18 6 31 9
23 27 10 17 6 20
2 8 1 5 14 19
12 22 0 3 11 29
24 18 15 34 30 26
13 4 31 16 25 9
32 21 28 7 35 33
6
10 4 19 27 6 8
14 3 34 28 33 2
13 0 26 31 29 17
24 20 9 21 11 32
18 35 7 15 5 25
23 30 12 16 22 1
29 27 20 30 11 7
16 9 4 24 35 34
26 21 17 23 2 33
19 28 1 14 0 5
6 10 25 31 32 15
3 22 12 18 8 13
6
19 0 4 22 7 35
2 3 24 32 10 27
5 31 1 12 18 6
20 30 26 15 29 28
14 34 16 11 9 33
21 23 17 13 25 8
15 22 12 7 26 1
27 14 17 33 4 24
0 29 19 3 20 11
5 32 13 6 35 31
23 2 21 10 9 8
34 25 16 30 28 18
6
25 21 5 0 24 27
15 7 14 20 6 19
26 33 1 30 3 11
9 2 13 35 12 8
31 16 23 4 17 10
18 32 29 22 28 34
11 34 18 4 19 28
26 14 10 13 33 25
0 6 15 16 7 27
32 35 3 17 1 9
23 8 12 2 24 29
31 20 30 21 5 22
6
11 27 18 29 9 2
21 33 13 30 10 17
12 28 35 4 8 31
1 5 32 34 0 14
16 3 25 6 26 24
23 20 19 22 15 7
11 25 15 17 24 12
19 10 14 21 9 27
6 30 7 35 1 16
13 5 3 2 29 26
8 0 4 23 31 32
33 28 20 22 18 34
6
32 4 33 19 22 11
21 12 9 14 30 0
18 31 20 6 25 2
35 23 16 29 1 5
10 3 27 8 28 34
13 17 24 26 15 7
30 32 21 16 27 34
0 35 8 11 23 1
29 13 2 12 14 19
25 26 5 17 18 3
31 4 9 22 24 20
10 28 6 33 15 7
6
25 29 30 2 33 9
4 22 26 16 34 1
17 28 35 3 23 31
15 24 18 12 11 21
14 5 20 27 32 19
6 8 0 7 10 13
17 12 15 0 11 9
30 2 18 13 28 24
19 34 21 1 29 32
10 4 5 27 6 3
7 14 31 33 26 22
23 25 35 20 16 8
6
2 12 8 27 1 20
26 22 16 28 3 32
13 25 34 19 33 15
0 9 5 11 7 14
4 18 21 6 24 23
30 17 35 10 29 31
30 20 1 6 5 24
19 12 27 28 21 33
8 11 18 9 34 26
16 3 35 0 29 25
17 32 15 7 23 4
22 2 13 14 31 10
6
10 34 2 1 25 33
13 16 30 6 4 22
0 9 7 15 21 23
27 8 20 11 24 3
5 26 12 19 29 35
17 32 28 31 14 18
5 15 28 11 19 25
21 27 23 32 6 20
7 12 24 2 3 29
33 8 34 30 17 16
9 14 18 10 26 31
35 22 13 1 0 4
6
18 31 19 22 5 4
33 26 9 30 28 15
20 0 8 34 1 32
3 14 17 25 23 16
7 13 27 11 2 24
35 21 6 29 12 10
0 31 2 27 32 8
9 18 14 3 20 23
22 17 25 4 29 34
26 24 35 30 13 15
33 12 7 28 1 19
6 11 10 21 16 5
6
23 10 7 19 1 6
14 28 9 18 4 27
8 3 22 17 25 5
0 33 2 34 13 15
20 32 11 31 24 12
26 29 30 35 21 16
10 35 13 2 6 1
14 31 0 30 19 34
15 18 20 21 5 9
24 8 3 17 33 26
32 16 29 7 4 11
22 23 12 27 28 25
6
14 20 0 15 18 1
33 5 7 35 28 11
3 24 34 6 9 31
23 32 22 13 26 30
29 10 16 2 27 17
21 4 19 25 8 12
30 17 26 5 28 11
20 4 33 34 23 0
19 16 2 9 27 8
35 21 29 12 15 1
32 7 3 13 24 18
22 14 10 25 31 6
6
16 27 32 20 18 8
25 1 10 21 29 33
12 3 30 31 15 24
11 14 17 0 35 34
6 19 2 26 5 9
28 7 23 22 4 13
23 25 21 27 2 11
29 22 17 20 18 16
24 34 6 14 7 13
10 26 33 1 15 30
32 28 5 4 0 19
9 8 12 3 31 35
6
1 0 23 10 31 22
16 9 24 3 30 27
19 34 7 26 8 17
6 25 29 2 14 35
11 32 15 18 33 20
12 4 5 28 13 21
18 2 3 8 31 23
22 14 13 25 33 1
4 35 24 34 9 19
28 30 29 12 20 21
10 6 11 5 15 7
17 27 26 16 0 32
6
18 7 33 22 0 28
34 12 4 27 2 30
17 23 31 35 29 1
10 24 9 13 15 8
32 14 26 21 20 3
19 25 6 11 5 16
4 16 14 19 9 17
7 12 23 35 33 1
20 21 0 18 15 6
11 32 8 29 2 30
5 27 3 13 24 26
10 25 22 31 28 34
6
27 2 23 5 9 19
24 8 15 33 31 26
18 7 22 0 30 34
10 14 29 35 17 11
21 6 13 1 28 32
20 25 4 12 3 16
2 15 20 21 4 5
32 9 19 8 7 13
18 27 34 29 33 11
35 3 23 6 14 24
25 1 28 31 16 30
22 17 12 10 0 26
6
3 1 28 17 14 24
7 16 35 15 33 12
6 5 23 29 2 10
21 27 13 32 25 8
4 20 26 22 18 11
9 0 34 31 30 19
14 31 6 28 0 30
25 2 13 12 10 18
20 32 8 26 17 4
29 35 27 1 3 11
19 9 23 16 33 24
5 22 7 15 21 34
6
2 15 23 10 5 28
1 4 22 17 13 25
26 3 8 31 27 33
16 20 35 0 9 19
11 6 30 29 7 21
34 14 24 12 32 18
28 2 31 0 29 15
6 32 34 16 25 30
5 19 26 8 9 24
35 11 33 7 23 13
14 20 21 4 17 27
3 22 1 10 18 12
6
9 22 19 34 18 2
4 11 8 31 35 27
17 5 10 24 26 13
3 1 32 29 28 21
0 14 15 7 6 16
33 20 12 23 25 30
0 23 34 26 12 11
28 4 2 31 22 6
14 8 32 3 9 16
13 21 17 30 1 19
35 7 27 5 20 18
25 15 10 33 24 29
6
10 34 30 35 20 5
25 9 27 0 26 28
24 23 19 11 15 31
29 3 14 18 32 17
7 16 12 13 4 8
21 33 1 6 2 22
31 1 15 7 12 34
9 13 19 27 2 10
22 20 21 23 6 18
14 0 26 35 32 16
17 24 11 3 33 4
8 29 28 30 5 25
6
16 19 20 15 28 1
5 21 12 13 23 11
7 2 0 9 29 8
3 17 30 6 25 10
27 32 14 35 22 4
31 24 34 18 33 26
18 13 11 30 22 28
15 29 17 35 10 33
23 14 31 5 7 12
21 27 0 8 32 1
9 20 34 24 2 26
6 19 25 4 16 3
6
16 14 5 34 9 11
19 12 1 18 17 32
33 30 29 20 13 26
0 35 3 24 28 27
4 25 8 2 31 15
7 21 6 22 23 10
1 32 5 16 4 21
33 30 10 29 0 3
15 12 18 35 19 11
23 9 24 34 8 25
20 26 6 2 13 27
14 22 7 28 31 17
6
9 4 19 5 32 13
1 11 17 26 24 25
16 18 20 28 6 21
33 12 8 3 14 23
34 15 30 10 2 7
31 22 27 0 29 35
12 29 1 35 28 26
30 8 7 25 6 5
16 10 2 3 24 4
14 13 22 27 32 19
33 18 23 9 21 34
31 15 0 17 20 11
6
12 8 10 25 2 29
24 11 22 3 34 9
31 0 1 33 26 18
14 15 32 5 19 23
16 21 20 4 28 35
7 17 6 30 13 27
24 27 2 22 11 17
23 20 5 9 19 16
6 10 3 21 28 8
7 29 18 15 12 26
0 4 13 35 14 31
1 32 30 34 25 33
6
0 3 23 32 29 1
24 28 15 17 14 33
9 20 22 2 18 26
16 21 31 30 6 35
4 5 27 34 11 19
12 7 25 13 8 10
5 28 9 22 6 26
11 25 24 27 19 16
4 3 34 14 0 7
33 18 31 13 2 29
1 8 30 35 10 20
23 12 17 21 15 32
6
14 30 27 4 18 15
28 2 35 13 34 17
12 11 22 25 21 26
20 23 10 7 19 9
1 6 3 24 0 5
32 33 29 31 16 8
29 7 9 0 4 23
33 8 35 30 21 16
2 10 22 24 31 34
12 20 26 6 32 1
11 3 17 27 5 25
13 28 19 15 18 14
6
7 28 14 17 33 29
11 19 4 13 18 12
2 35 16 22 15 32
9 31 26 30 34 20
10 6 0 25 21 24
5 27 8 23 3 1
26 35 27 5 28 18
6 11 8 19 13 9
22 32 34 1 4 0
21 24 33 29 15 10
12 16 14 25 2 7
17 20 23 30 3 31
6
23 25 2 1 11 18
22 35 4 7 17 27
24 32 26 10 8 34
6 31 30 21 33 14
5 9 19 20 0 28
29 12 16 15 3 13
3 24 12 22 0 33
35 18 26 23 27 31
30 8 14 4 25 19
1 29 32 21 2 15
6 13 20 9 11 5
17 34 7 28 10 16
6
35 22 10 25 8 34
17 9 7 23 21 0
5 30 4 24 15 13
27 14 16 32 33 18
2 29 3 6 1 12
26 19 31 20 28 11
0 12 13 9 2 31
34 4 32 18 21 28
25 16 5 1 14 35
17 27 8 6 11 33
22 29 3 26 20 15
24 7 10 23 19 30
6
24 28 12 22 15 10
31 5 13 2 32 25
18 6 1 3 27 0
21 30 19 33 16 35
34 7 20 17 29 26
11 4 9 14 8 23
20 33 34 24 3 14
15 1 16 22 8 31
26 32 4 17 18 28
19 21 30 10 9 6
35 25 5 11 27 2
23 29 13 0 7 12
6
3 10 9 29 19 2
34 13 5 20 31 1
35 24 28 33 11 26
4 12 18 30 17 32
0 14 21 23 16 8
6 7 22 15 27 25
35 28 13 18 0 8
3 34 27 16 7 9
6 19 4 31 1 12
32 29 20 2 10 25
26 33 23 24 14 11
5 21 17 30 22 15
6
2 34 35 3 9 17
5 7 23 15 26 29
27 32 0 11 8 21
12 19 30 18 20 13
16 24 10 31 4 14
28 22 6 1 25 33
7 12 35 16 21 5
9 19 3 6 27 23
34 18 14 24 1 0
13 15 8 20 11 30
31 29 33 10 28 22
25 4 32 2 26 17
6
27 6 28 13 25 31
20 34 24 26 12 29
30 32 19 23 15 8
14 0 3 18 22 10
35 11 1 16 17 33
21 5 9 4 2 7
32 31 0 26 11 19
2 6 29 23 22 4
7 18 8 14 21 13
30 15 16 5 28 33
25 20 35 24 3 9
1 34 17 12 10 27
6
19 23 13 15 7 20
12 5 26 2 30 16
35 1 9 4 32 6
22 17 25 27 31 28
10 21 29 11 33 3
24 14 34 0 18 8
21 34 28 6 29 32
8 18 3 22 25 35
15 9 19 26 1 24
31 27 5 10 11 12
2 20 7 33 13 14
4 23 30 0 16 17
6
18 30 7 12 19 31
3 1 13 4 21 10
2 22 32 16 6 11
35 9 20 14 0 15
27 8 34 28 25 17
33 26 29 5 23 24
2 14 16 10 33 0
26 20 19 32 17 6
30 28 13 24 8 4
12 29 35 15 27 9
34 23 31 1 5 22
11 18 7 21 25 3
6
34 20 8 26 13 17
29 31 22 7 1 30
2 24 18 12 27 23
4 10 33 3 19 21
14 15 35 9 11 16
25 32 0 5 28 6
3 11 15 28 25 7
27 33 20 21 14 10
24 17 0 18 30 32
31 5 1 4 2 34
9 16 12 19 8 6
22 29 35 13 26 23
6
8 7 32 19 5 26
28 23 31 21 24 29
16 20 18 4 17 15
11 3 9 34 27 33
0 30 22 12 1 25
35 14 13 2 6 10
0 34 25 14 13 15
22 6 16 10 3 35
1 30 21 8 11 2
33 23 31 18 7 24
9 17 27 5 29 26
12 19 32 28 20 4
6
16 28 5 18 3 14
13 9 1 0 22 32
7 24 17 15 19 31
6 29 34 23 35 26
12 11 2 8 21 25
27 4 33 30 20 10
33 9 12 29 5 25
15 22 14 24 3 4
16 11 21 26 1 23
6 0 30 17 35 20
18 28 10 8 27 32
31 7 13 34 19 2
6
31 9 28 15 19 12
23 22 4 16 0 17
20 24 35 3 30 11
32 13 18 29 26 21
14 33 27 2 25 10
6 5 7 34 1 8
30 19 33 10 16 34
31 23 24 3 17 0
18 8 13 12 11 9
27 35 32 25 21 2
22 20 7 26 6 15
29 14 5 4 28 1
6
30 2 28 6 1 24
32 3 33 35 21 19
27 25 10 15 9 16
29 26 13 14 34 31
23 7 12 5 0 20
11 22 17 18 8 4
15 9 30 11 17 26
4 28 32 5 21 14
2 10 33 18 6 3
12 22 20 16 31 19
1 0 29 7 13 27
24 34 23 35 8 25
6
17 32 19 7 26 28
1 18 4 3 2 15
23 21 12 34 0 13
16 5 24 35 31 27
20 29 10 33 14 9
8 22 6 11 30 25
29 24 26 12 17 2
14 4 18 9 31 7
15 21 22 10 32 23
1 20 34 35 5 27
8 33 16 25 13 30
28 6 3 11 19 0
6
22 5 20 12 9 6
10 26 28 14 15 0
16 1 3 13 11 27
4 23 32 21 30 7
25 24 2 34 35 31
19 8 33 18 17 29
6 32 23 17 35 26
20 29 24 5 4 27
25 14 22 19 34 11
9 12 8 21 0 28
13 18 1 16 30 33
2 10 3 7 15 31
6
33 12 6 1 25 7
2 35 13 32 16 10
14 5 29 26 20 17
18 9 23 19 4 11
21 31 28 8 0 27
34 22 30 3 15 24
9 13 10 14 0 12
18 35 5 20 30 26
1 3 7 11 31 25
23 8 2 16 28 15
27 34 22 21 19 33
24 6 17 29 4 32
6
20 12 0 21 9 32
3 27 16 24 23 33
11 7 14 2 30 6
4 22 35 8 15 31
19 10 25 1 34 26
18 29 17 28 13 5
25 35 12 19 1 24
14 20 15 4 10 34
9 30 33 21 3 5
13 31 27 2 6 18
29 16 0 28 26 22
7 8 23 17 32 11
6
17 19 26 22 7 2
12 10 0 15 9 21
20 8 6 16 27 13
5 14 35 24 34 1
33 32 25 31 11 28
29 23 30 4 18 3
17 35 23 20 4 15
18 5 2 34 25 19
7 22 14 16 0 31
32 12 26 27 11 9
30 6 13 33 21 29
8 24 10 28 3 1
6
25 24 26 10 9 4
6 2 32 30 21 34
5 23 16 19 29 3
28 27 8 17 22 0
1 18 11 7 31 14
15 20 33 13 12 35
6 0 23 21 25 28
35 16 8 32 17 14
12 10 18 19 29 31
24 13 11 27 22 5
26 30 2 33 9 1
20 34 7 15 4 3
6
28 20 11 31 2 0
30 35 9 15 18 5
29 12 24 14 6 19
8 10 26 17 7 13
3 1 16 21 33 27
4 25 23 34 32 22
5 14 21 9 32 12
3 27 15 26 0 35
19 7 18 31 25 28
17 24 6 33 1 10
30 20 4 34 16 22
13 29 2 23 11 8
6
3 27 15 8 4 32
33 2 29 5 17 25
28 22 16 21 7 24
19 0 34 31 9 12
26 1 13 11 18 6
10 14 35 23 30 20
15 14 1 21 22 4
28 31 35 12 30 8
34 3 5 27 29 32
20 13 18 19 7 23
6 24 9 11 25 2
16 33 17 26 10 0
