5
2 21 4 24 19
3 22 5 8 1
15 6 0 14 10
13 12 17 7 16
23 9 11 20 18
7 24 22 13 14
0 10 9 4 20
21 23 17 15 2
6 8 3 18 11
19 16 1 12 5
5
3 2 12 13 11
20 16 9 5 14
17 6 10 7 21
1 15 19 18 22
24 4 23 0 8
22 15 4 2 11
19 14 20 3 24
12 21 7 13 8
0 9 10 16 23
17 5 6 1 18
5
15 20 21 13 6
17 0 11 16 7
2 22 3 14 9
18 4 10 1 23
19 24 8 5 12
2 14 15 23 1
0 6 7 13 18
4 16 21 17 19
22 9 12 20 10
3 11 8 24 5
5
17 21 13 10 16
0 15 3 20 6
9 18 2 1 14
23 7 11 24 5
22 4 8 19 12
10 21 16 2 20
3 14 9 11 1
24 6 17 7 23
15 18 19 0 8
12 4 5 22 13
5
11 21 1 24 20
6 19 14 22 23
3 9 0 17 8
4 2 10 18 15
12 13 5 16 7
6 24 13 19 5
15 4 16 2 11
20 8 22 3 18
0 1 12 10 21
9 17 7 23 14
5
8 18 17 9 22
20 12 15 11 16
2 6 10 0 13
4 24 14 19 1
23 21 3 7 5
4 20 18 23 14
3 12 13 5 21
0 17 16 10 1
24 6 11 15 8
9 19 2 7 22
5
2 15 0 6 8
11 20 5 23 3
7 16 9 14 17
18 22 19 10 1
24 21 13 12 4
8 16 1 9 19
0 4 22 12 11
6 10 20 21 2
14 24 23 15 7
5 13 17 18 3
5
5 16 4 13 23
10 18 17 14 22
6 21 7 20 15
12 8 0 11 2
9 3 24 19 1
14 18 2 6 23
4 0 13 19 9
7 15 3 1 20
8 10 11 24 21
17 12 22 5 16
5
8 3 10 2 0
15 20 18 1 19
17 13 6 21 9
7 5 4 24 12
23 22 11 14 16
8 16 24 23 7
2 1 17 21 14
3 0 9 19 10
13 11 22 5 4
15 12 18 20 6
5
10 12 8 9 1
14 18 3 23 0
6 21 16 13 17
20 22 19 24 5
15 4 2 11 7
15 9 14 18 22
11 17 19 6 0
2 13 5 16 23
12 3 1 21 24
20 4 7 10 8
5
17 24 22 12 23
18 6 16 21 5
14 2 13 9 1
20 7 4 10 8
19 15 11 0 3
3 19 21 20 22
16 10 6 9 18
1 23 12 17 7
5 0 11 4 15
8 2 14 13 24
5
6 19 2 23 10
0 9 7 21 13
4 8 18 5 3
22 12 15 14 16
11 17 24 1 20
6 24 5 23 13
3 22 17 7 21
8 16 11 2 15
12 10 14 4 0
19 9 20 1 18
5
0 8 23 2 22
15 17 3 5 24
6 20 11 9 1
14 12 18 10 4
21 13 7 19 16
14 17 18 4 1
21 5 11 15 3
24 2 7 13 16
8 22 19 9 6
12 10 0 23 20
5
24 0 12 3 23
14 20 2 19 8
1 6 18 16 13
15 10 17 9 22
7 5 4 21 11
4 10 15 17 1
7 9 8 22 13
6 2 18 14 11
5 21 16 23 24
0 20 12 3 19
5
1 22 0 14 17
3 15 6 9 19
18 23 5 12 8
13 7 16 24 4
21 20 2 10 11
11 9 16 15 18
5 6 22 19 1
0 4 14 17 23
3 24 12 2 10
7 13 20 21 8
5
7 15 12 18 23
6 19 5 2 4
9 24 3 17 11
22 16 10 1 0
21 8 13 20 14
19 16 21 24 10
20 1 12 15 4
9 18 3 2 0
23 7 6 22 5
8 11 13 14 17
5
4 21 14 22 13
16 20 9 17 23
24 2 15 19 12
7 8 3 18 0
5 10 1 6 11
19 23 4 14 6
5 13 8 12 3
17 7 2 15 24
10 22 1 21 16
18 9 0 20 11
5
20 22 21 4 5
18 7 15 0 8
1 17 10 6 19
12 2 9 23 13
14 11 24 3 16
3 2 22 6 4
8 15 7 17 23
10 24 9 13 19
21 0 11 20 16
12 1 18 5 14
5
16 12 17 2 7
21 15 6 8 14
19 10 23 5 9
11 3 13 22 0
24 18 1 4 20
9 20 13 1 17
21 2 4 7 0
15 19 8 12 18
3 14 16 6 22
10 23 11 24 5
5
19 10 1 21 3
9 18 12 22 13
0 7 6 4 11
20 16 5 17 8
23 14 15 24 2
3 18 16 4 7
11 8 12 5 15
6 14 20 13 10
19 2 24 21 9
0 17 22 23 1
5
4 12 20 22 1
2 11 15 14 8
19 13 7 6 18
16 24 0 10 3
9 5 23 17 21
2 22 10 7 23
24 8 1 17 15
16 20 19 9 11
3 21 4 13 12
14 0 5 6 18
5
17 0 16 19 21
20 5 22 1 15
8 9 13 18 11
24 2 23 6 7
4 10 14 12 3
18 9 11 6 7
16 20 19 21 23
17 5 3 22 10
4 14 0 1 24
8 2 12 15 13
5
23 24 11 9 0
7 19 12 3 21
14 22 8 16 17
4 6 20 18 5
1 10 15 2 13
10 15 13 9 3
0 23 2 8 1
14 19 6 24 20
12 5 21 22 7
18 4 11 16 17
5
10 6 11 8 1
12 18 24 0 19
15 21 20 2 16
9 17 4 7 3
23 13 5 22 14
22 11 0 1 20
13 3 7 12 14
6 16 24 10 15
18 2 4 17 19
23 8 5 9 21
5
20 9 16 23 8
0 7 2 1 12
6 22 4 21 19
17 5 15 3 11
24 13 14 18 10
16 21 1 15 0
12 23 18 3 9
22 17 2 13 19
4 7 5 8 10
24 20 11 14 6
5
3 18 6 21 22
19 16 7 24 5
1 10 2 15 13
9 0 12 23 8
11 14 4 20 17
11 20 3 4 14
7 10 6 5 23
0 12 24 9 18
8 13 22 16 17
19 15 2 21 1
5
9 11 15 22 8
1 3 14 18 24
23 13 17 6 21
0 20 4 7 5
12 10 2 16 19
18 8 6 2 17
11 20 5 3 16
7 12 24 4 21
15 0 14 22 9
13 1 10 19 23
5
4 21 16 8 3
5 10 2 9 19
12 7 20 24 13
11 6 1 18 14
23 22 0 15 17
16 22 18 14 20
24 11 15 7 23
10 21 4 6 13
12 17 2 5 19
3 0 8 1 9
5
9 8 18 3 13
6 4 2 12 7
22 17 21 15 20
10 16 19 14 1
24 11 0 5 23
5 22 4 2 23
14 0 13 6 19
1 7 15 11 17
9 10 12 21 18
8 20 3 16 24
5
16 21 18 2 1
9 15 0 12 7
17 23 10 3 4
6 19 8 24 22
13 5 11 20 14
2 10 19 0 21
7 9 12 14 15
22 20 1 8 11
13 6 5 18 23
17 3 24 16 4
5
12 13 15 18 11
24 20 10 7 9
3 0 6 2 8
16 22 14 1 4
23 17 5 19 21
7 17 22 12 10
21 20 4 19 24
23 8 14 0 9
18 13 6 3 1
11 16 5 15 2
5
9 16 2 8 18
14 23 12 5 7
0 20 15 13 3
10 11 24 1 22
17 21 4 6 19
1 7 17 6 3
19 9 20 4 24
0 18 15 5 8
22 13 12 2 21
14 16 10 23 11
5
12 23 8 0 15
1 6 3 21 11
20 10 24 14 17
13 22 4 19 2
18 9 5 7 16
5 4 9 23 16
11 14 3 18 21
8 0 2 6 19
20 1 17 10 13
22 7 12 24 15
5
9 15 17 0 7
2 8 12 22 20
5 11 19 18 3
16 6 1 21 10
24 4 14 23 13
18 7 17 16 3
13 9 15 4 11
21 14 0 12 1
24 6 5 23 10
8 2 19 22 20
5
17 11 24 0 21
4 10 14 22 19
16 15 6 1 12
20 23 8 5 9
13 3 7 2 18
16 10 7 14 9
3 24 11 19 20
2 21 8 12 18
1 5 13 0 22
15 17 23 4 6
5
12 16 13 14 24
11 7 21 4 18
6 22 23 9 3
0 15 5 2 20
1 8 10 19 17
0 1 20 5 3
16 22 8 19 10
9 6 2 23 21
13 24 11 12 15
4 7 17 14 18
5
9 8 1 5 7
24 23 12 13 16
15 20 6 17 4
14 22 10 19 2
3 21 11 0 18
2 14 19 13 6
7 12 16 1 20
0 10 17 8 22
5 3 24 4 21
9 15 23 11 18
5
9 21 12 7 20
13 0 22 15 14
3 6 17 23 24
4 11 5 18 1
16 8 10 2 19
3 19 12 6 18
0 15 8 11 5
21 20 7 24 17
23 2 10 16 1
13 9 14 4 22
5
8 4 19 21 20
18 7 2 22 11
5 12 14 23 0
24 1 15 9 3
13 17 16 6 10
8 4 23 7 0
22 16 18 2 9
24 3 5 10 1
6 21 17 13 12
15 11 20 14 19
5
3 21 0 6 19
24 15 23 5 10
14 4 12 2 13
7 16 8 20 18
9 11 22 17 1
8 18 22 7 24
15 14 20 12 17
4 10 9 16 2
1 21 23 19 5
3 13 6 0 11
5
21 3 0 7 23
1 18 9 19 22
6 17 4 5 16
24 10 11 20 2
14 12 15 8 13
5 24 7 4 2
13 15 10 16 18
20 8 3 9 12
22 17 6 23 21
1 11 14 19 0
5
19 24 7 6 4
0 16 13 10 14
5 8 21 12 23
20 17 22 18 3
1 11 15 9 2
7 3 12 0 20
2 11 23 18 14
19 22 5 24 16
15 13 17 9 21
6 1 10 8 4
5
8 23 17 19 0
14 16 6 13 10
11 20 3 5 22
15 9 18 24 21
2 1 4 12 7
16 18 12 1 5
21 11 23 8 0
20 9 13 3 4
17 15 6 14 19
10 24 2 22 7
5
3 20 10 21 15
18 19 2 14 22
7 24 23 9 11
16 12 6 17 13
0 1 4 8 5
8 7 19 10 1
23 17 20 16 13
4 0 12 2 9
21 6 3 22 15
11 18 24 14 5
5
15 9 7 23 2
13 14 6 8 1
24 12 0 19 3
21 22 5 16 11
20 4 17 18 10
4 17 23 14 11
5 20 2 22 15
12 6 9 10 16
21 18 24 0 3
19 1 8 13 7
5
22 12 4 20 24
23 14 9 16 0
5 15 11 19 18
13 1 21 8 17
7 6 2 10 3
15 18 2 5 11
0 1 6 24 19
10 20 7 13 9
3 4 12 23 8
21 17 22 14 16
5
16 19 10 4 3
9 24 0 1 7
2 5 18 23 21
14 22 15 17 13
11 20 8 12 6
18 2 8 5 7
21 10 3 22 16
14 4 13 15 1
0 19 17 6 24
12 20 9 11 23
5
2 23 18 24 20
7 17 15 8 3
4 0 11 13 1
12 22 5 6 9
16 21 19 10 14
23 16 4 1 20
13 12 14 21 7
10 9 2 8 15
0 6 18 19 22
5 11 3 17 24
5
11 19 22 1 7
5 8 23 17 20
2 24 21 18 3
13 16 0 15 14
10 6 12 9 4
4 21 8 9 1
2 17 18 7 13
11 24 15 12 20
23 3 5 0 22
14 10 6 16 19
5
2 10 11 18 6
3 5 22 1 16
14 17 19 12 21
0 24 15 4 9
7 8 20 23 13
7 15 8 5 4
0 14 9 10 12
2 19 23 3 16
6 11 24 22 13
20 17 1 21 18
5
15 5 16 18 10
9 24 1 8 6
3 22 7 2 20
21 13 17 23 12
11 19 0 4 14
14 20 22 4 17
24 1 7 18 11
12 23 16 2 15
13 0 19 21 9
10 8 6 5 3
5
22 13 18 6 24
5 17 16 8 21
3 1 9 14 19
23 15 4 10 2
12 7 11 0 20
4 21 22 19 15
2 23 9 8 24
6 11 17 14 18
20 7 10 0 16
13 5 3 1 12
5
23 19 12 3 24
13 1 16 4 10
15 6 17 14 11
21 8 18 7 9
22 5 2 20 0
22 9 15 23 21
19 1 10 0 17
3 16 2 12 6
4 20 24 14 13
11 7 5 8 18
5
18 1 24 9 7
11 21 20 8 19
15 3 14 23 10
5 12 4 2 6
0 17 22 13 16
8 4 10 23 20
16 9 13 24 0
1 12 2 18 3
14 5 19 22 11
15 17 6 7 21
5
14 16 22 20 15
19 8 2 3 12
6 9 23 13 10
5 7 11 1 21
0 18 17 4 24
2 16 10 21 6
20 19 5 4 18
9 0 14 3 7
17 15 24 23 13
22 8 11 1 12
5
12 9 24 3 19
18 1 17 11 4
15 20 8 10 13
7 22 21 6 0
16 5 23 2 14
24 16 21 1 10
17 5 23 7 8
9 3 2 12 11
18 6 13 20 4
19 0 22 15 14
5
22 3 5 24 7
2 14 18 17 15
20 12 6 13 16
21 4 19 10 11
0 23 8 9 1
4 19 8 1 11
13 24 12 22 6
21 23 10 15 16
14 17 18 0 2
7 20 9 3 5
5
13 0 4 5 8
15 22 1 20 6
18 19 17 14 7
2 24 16 9 10
23 21 12 11 3
20 12 14 0 5
24 19 16 6 23
18 9 3 17 13
22 2 11 8 7
1 10 4 21 15
5
0 5 18 8 21
6 13 1 7 11
23 9 2 19 12
3 15 14 24 16
10 4 20 17 22
1 3 13 6 18
17 0 24 14 5
23 7 9 16 15
21 12 11 4 8
10 2 20 22 19
5
3 10 7 16 6
11 2 1 21 8
23 19 18 9 13
17 24 0 15 20
12 22 5 4 14
4 22 16 2 21
10 18 19 13 23
0 20 1 11 14
7 24 8 12 9
3 6 15 5 17
5
17 23 18 11 0
7 5 22 21 24
1 8 19 6 14
10 3 20 13 16
12 9 4 2 15
0 14 2 5 10
22 4 20 9 1
17 7 6 19 12
8 13 21 16 11
18 23 15 24 3
5
7 12 22 18 4
11 5 17 2 16
13 8 3 15 6
0 24 23 21 20
10 1 14 19 9
9 1 3 23 5
20 11 12 17 14
24 15 10 2 7
0 22 13 4 16
8 19 18 6 21
5
24 18 4 20 10
14 8 11 1 5
17 9 0 12 2
19 23 6 16 3
7 15 13 22 21
4 12 8 11 2
6 19 7 9 14
16 0 17 3 13
10 23 21 20 24
1 5 22 15 18
5
0 23 14 2 12
18 7 17 11 3
15 22 19 4 8
13 20 9 21 6
1 5 10 24 16
7 5 21 17 9
1 22 23 13 2
18 15 20 12 6
16 10 0 11 19
8 24 14 3 4
5
2 0 17 9 4
1 8 22 11 24
14 6 18 12 5
13 16 3 20 19
21 15 7 10 23
22 6 7 15 19
5 23 18 9 4
0 8 24 1 16
12 10 3 17 13
20 2 11 14 21
5
19 3 15 5 23
14 0 12 16 21
9 18 4 13 2
8 22 6 10 11
20 17 7 24 1
4 20 19 17 10
5 0 7 2 6
16 13 23 14 21
22 18 11 3 8
9 1 24 12 15
5
23 16 11 17 19
8 0 3 2 4
21 7 24 9 12
13 1 14 5 22
20 18 10 15 6
16 9 4 22 17
12 0 7 11 15
24 14 19 23 3
20 1 2 5 10
6 8 21 18 13
5
0 6 22 4 11
13 24 15 8 3
20 21 10 9 12
18 23 7 5 19
2 16 1 14 17
6 14 17 13 22
7 0 24 5 1
9 4 10 11 3
16 21 20 8 12
15 23 19 18 2
5
7 12 24 22 5
6 10 20 3 13
0 14 19 1 23
17 4 15 8 9
2 21 11 18 16
2 14 22 8 20
9 3 6 21 15
4 17 5 1 18
24 19 11 23 12
7 16 10 0 13
5
2 1 15 24 0
7 3 17 19 9
11 21 20 4 13
16 8 10 5 18
22 23 6 14 12
17 7 18 12 21
0 8 24 4 20
16 11 2 3 6
5 9 14 23 22
15 19 1 10 13
5
3 13 2 8 21
11 1 5 10 16
4 9 15 0 14
19 12 23 20 7
17 24 18 22 6
11 21 23 22 0
17 18 12 1 14
15 9 6 5 20
8 4 24 7 10
13 19 2 16 3
5
10 16 18 6 22
23 4 7 19 1
11 5 20 0 15
2 17 12 14 8
21 3 24 9 13
12 13 6 16 15
4 19 22 5 2
7 0 17 9 14
1 11 20 24 21
8 23 3 10 18
5
14 16 24 18 17
3 15 23 0 4
1 7 19 8 2
9 20 11 22 13
10 6 21 5 12
24 15 21 11 23
4 17 8 20 1
19 3 16 18 12
7 2 10 0 14
13 22 9 6 5
5
6 8 24 3 4
19 21 7 13 17
9 0 2 1 20
14 22 5 10 15
11 16 18 23 12
21 8 23 24 17
6 10 11 5 18
15 2 9 22 1
7 19 13 3 16
12 14 20 0 4
5
14 6 7 16 11
18 22 15 23 13
4 9 19 1 2
5 17 21 10 3
8 20 24 0 12
23 8 22 12 20
3 16 15 0 7
19 1 18 2 17
21 13 11 24 5
4 6 10 14 9
5
23 12 20 11 5
6 3 24 9 10
13 18 4 14 7
17 0 16 8 15
2 19 22 1 21
18 15 1 14 4
19 13 9 8 20
23 7 0 21 6
11 22 17 16 12
2 10 5 24 3
5
6 14 8 23 24
21 4 17 2 19
3 11 9 22 10
1 16 7 13 20
0 18 15 5 12
15 18 1 20 14
10 23 12 16 22
6 19 9 4 5
17 21 24 11 3
8 0 13 2 7
5
20 18 21 5 0
9 13 6 10 23
15 7 4 14 19
16 3 2 24 17
11 1 22 8 12
14 17 8 12 18
5 13 23 7 2
1 15 10 24 4
0 9 22 19 11
21 16 3 6 20
5
3 19 5 10 23
2 1 20 6 16
0 18 9 7 11
4 24 15 13 14
22 17 8 21 12
21 4 8 14 9
19 23 2 20 22
10 24 15 6 13
16 17 3 12 7
11 1 0 18 5
5
20 1 10 7 9
13 22 17 0 12
4 5 19 18 15
24 21 14 6 2
8 3 23 11 16
23 1 18 5 20
13 7 15 21 22
10 12 17 4 14
0 16 3 2 6
8 11 9 24 19
5
6 5 17 22 19
18 9 4 8 13
20 12 23 7 15
3 11 24 10 0
21 16 2 14 1
9 23 12 10 18
6 15 0 13 24
17 21 2 8 22
1 16 7 5 4
19 20 11 14 3
5
2 18 21 13 12
8 5 24 22 3
20 4 19 14 7
17 9 0 10 15
6 16 1 23 11
24 9 23 12 15
20 1 21 18 0
17 10 19 16 4
8 5 22 11 3
13 14 7 2 6
5
2 4 24 16 19
3 20 17 22 12
10 14 5 1 6
15 0 21 18 9
13 11 8 7 23
23 10 17 2 15
16 9 8 14 6
1 18 21 5 11
20 4 7 3 19
13 12 22 0 24
5
20 7 12 14 22
9 5 19 13 2
3 16 24 0 4
11 10 23 1 8
18 15 6 17 21
5 9 20 23 0
21 4 13 11 3
7 17 24 6 18
22 8 10 19 15
12 14 2 16 1
5
0 13 14 8 2
3 20 24 7 11
16 5 10 21 17
9 18 1 22 12
4 23 19 15 6
5 0 4 14 23
2 21 7 12 22
16 24 19 3 13
8 20 17 18 9
10 11 6 1 15
5
20 19 4 23 12
21 5 3 8 2
16 15 6 9 1
18 24 0 17 11
22 13 10 14 7
3 2 17 0 16
4 8 19 22 7
20 11 24 23 14
21 18 10 12 15
1 5 13 6 9
5
13 14 12 23 0
9 20 19 21 15
4 3 7 2 1
5 22 8 10 18
17 6 16 11 24
22 13 9 6 2
15 5 17 4 12
14 20 3 18 21
10 7 24 1 0
11 8 23 19 16
5
14 19 11 17 12
0 15 6 4 1
18 20 13 10 3
21 9 5 16 24
7 8 23 22 2
14 15 0 3 5
8 20 19 13 24
23 18 4 7 1
21 17 6 12 2
22 9 11 16 10
5
17 1 6 22 8
24 18 15 5 11
16 4 20 13 19
12 14 0 9 3
7 10 21 2 23
7 6 19 1 21
20 23 2 10 4
11 8 13 22 16
24 0 3 5 18
9 12 17 14 15
5
18 6 16 17 3
12 24 4 11 15
19 5 1 2 22
14 9 7 10 23
8 13 20 0 21
3 23 4 19 2
24 5 11 0 21
12 22 1 10 17
13 6 20 16 9
14 8 7 15 18
5
2 11 0 7 9
1 21 23 4 6
12 16 15 13 3
24 20 17 10 19
14 8 18 5 22
14 5 9 2 8
18 15 11 12 17
13 22 0 24 23
1 21 3 6 4
20 16 7 10 19
5
13 24 17 12 2
16 20 15 18 3
11 0 6 19 22
4 21 8 9 7
23 1 14 5 10
21 1 5 11 22
13 3 8 15 24
17 0 12 2 14
4 7 10 18 19
23 16 9 6 20
5
22 12 20 18 13
15 10 11 14 21
23 1 0 19 16
5 6 9 8 17
7 3 2 24 4
16 12 22 5 15
10 20 6 23 7
4 17 1 2 8
24 0 3 9 19
21 11 18 13 14
5
21 24 11 0 7
18 23 1 3 9
19 16 20 12 4
8 13 6 17 22
2 10 5 15 14
12 4 20 23 6
1 8 22 24 17
0 9 3 10 21
2 7 16 5 15
14 11 18 19 13
5
18 3 5 7 13
17 11 15 23 10
24 20 22 4 16
2 14 1 19 21
12 6 0 8 9
5 21 12 6 22
7 10 11 1 20
0 8 19 24 4
14 3 18 2 17
16 9 23 13 15
5
15 21 2 14 16
11 8 7 12 22
1 24 6 17 3
19 20 18 13 5
4 10 23 0 9
12 16 3 2 4
5 24 11 13 20
0 15 18 7 9
21 10 22 8 17
19 1 23 14 6
5
17 9 7 10 1
3 14 11 23 4
22 0 12 6 24
2 20 13 16 15
21 19 8 18 5
13 6 2 8 3
11 17 5 10 22
19 18 9 0 12
24 15 23 4 14
7 16 20 1 21
5
17 23 11 7 6
19 5 12 22 13
9 0 8 4 24
10 1 15 3 21
18 2 20 14 16
18 20 2 21 3
12 13 17 5 10
11 1 7 14 15
4 22 0 8 24
9 16 6 23 19
5
24 19 5 12 9
7 18 22 23 2
14 10 6 17 16
13 1 11 3 0
21 20 4 15 8
6 10 1 17 16
12 2 9 23 20
11 4 24 3 5
13 8 0 19 7
14 22 15 21 18
5
11 21 19 17 24
0 1 4 10 23
6 16 9 7 14
22 12 8 2 3
5 13 20 18 15
12 23 1 24 13
7 8 9 6 10
19 17 16 21 3
4 2 22 5 0
14 11 18 15 20
